|GapStart_ms      |GapEnd_ms        |GapStart_UTC                 |GapEnd_UTC                   |GapDuration_sec|
|-----------------|-----------------|-----------------------------|-----------------------------|---------------|
|1,756,828,222,537|1,756,924,005,816|2025-09-02 18:50:22.537 +0300|2025-09-03 21:26:45.816 +0300|95,783.279     |
|1,756,926,426,027|1,756,995,414,674|2025-09-03 22:07:06.027 +0300|2025-09-04 17:16:54.674 +0300|68,988.647     |
|1,757,044,849,222|1,757,092,879,124|2025-09-05 07:00:49.222 +0300|2025-09-05 20:21:19.124 +0300|48,029.902     |
|1,756,785,565,572|1,756,827,427,118|2025-09-02 06:59:25.572 +0300|2025-09-02 18:37:07.118 +0300|41,861.546     |
|1,756,665,921,249|1,756,697,122,948|2025-08-31 21:45:21.249 +0300|2025-09-01 06:25:22.948 +0300|31,201.699     |
|1,757,096,512,237|1,757,125,704,864|2025-09-05 21:21:52.237 +0300|2025-09-06 05:28:24.864 +0300|29,192.627     |
|1,757,014,637,200|1,757,039,739,033|2025-09-04 22:37:17.200 +0300|2025-09-05 05:35:39.033 +0300|25,101.833     |
|1,757,133,321,319|1,757,141,544,203|2025-09-06 07:35:21.319 +0300|2025-09-06 09:52:24.203 +0300|8,222.884      |
|1,757,141,626,507|1,757,147,369,972|2025-09-06 09:53:46.507 +0300|2025-09-06 11:29:29.972 +0300|5,743.465      |
|1,756,707,084,877|1,756,712,739,221|2025-09-01 09:11:24.877 +0300|2025-09-01 10:45:39.221 +0300|5,654.344      |
|1,756,567,249,202|1,756,570,397,250|2025-08-30 18:20:49.202 +0300|2025-08-30 19:13:17.250 +0300|3,148.048      |
|1,756,564,570,712|1,756,567,244,918|2025-08-30 17:36:10.712 +0300|2025-08-30 18:20:44.918 +0300|2,674.206      |
|1,757,149,422,283|1,757,151,232,010|2025-09-06 12:03:42.283 +0300|2025-09-06 12:33:52.010 +0300|1,809.727      |
|1,756,716,446,478|1,756,717,769,550|2025-09-01 11:47:26.478 +0300|2025-09-01 12:09:29.550 +0300|1,323.072      |
|1,757,008,683,548|1,757,009,750,025|2025-09-04 20:58:03.548 +0300|2025-09-04 21:15:50.025 +0300|1,066.477      |
|1,757,010,747,080|1,757,011,705,610|2025-09-04 21:32:27.080 +0300|2025-09-04 21:48:25.610 +0300|958.53         |
|1,757,159,971,733|1,757,160,929,282|2025-09-06 14:59:31.733 +0300|2025-09-06 15:15:29.282 +0300|957.549        |
|1,757,162,617,139|1,757,163,562,300|2025-09-06 15:43:37.139 +0300|2025-09-06 15:59:22.300 +0300|945.161        |
|1,757,093,427,905|1,757,094,245,537|2025-09-05 20:30:27.905 +0300|2025-09-05 20:44:05.537 +0300|817.632        |
|1,756,998,264,187|1,756,998,935,309|2025-09-04 18:04:24.187 +0300|2025-09-04 18:15:35.309 +0300|671.122        |
|1,756,996,254,708|1,756,996,907,525|2025-09-04 17:30:54.708 +0300|2025-09-04 17:41:47.525 +0300|652.817        |
|1,757,094,474,327|1,757,094,993,637|2025-09-05 20:47:54.327 +0300|2025-09-05 20:56:33.637 +0300|519.31         |
|1,757,007,493,905|1,757,008,012,538|2025-09-04 20:38:13.905 +0300|2025-09-04 20:46:52.538 +0300|518.633        |
|1,757,147,728,568|1,757,148,235,102|2025-09-06 11:35:28.568 +0300|2025-09-06 11:43:55.102 +0300|506.534        |
|1,756,562,344,006|1,756,562,816,137|2025-08-30 16:59:04.006 +0300|2025-08-30 17:06:56.137 +0300|472.131        |
|1,757,092,927,242|1,757,093,351,366|2025-09-05 20:22:07.242 +0300|2025-09-05 20:29:11.366 +0300|424.124        |
|1,757,011,709,907|1,757,012,109,821|2025-09-04 21:48:29.907 +0300|2025-09-04 21:55:09.821 +0300|399.914        |
|1,756,996,954,599|1,756,997,344,692|2025-09-04 17:42:34.599 +0300|2025-09-04 17:49:04.692 +0300|390.093        |
|1,757,148,253,204|1,757,148,642,279|2025-09-06 11:44:13.204 +0300|2025-09-06 11:50:42.279 +0300|389.075        |
|1,756,563,012,235|1,756,563,399,282|2025-08-30 17:10:12.235 +0300|2025-08-30 17:16:39.282 +0300|387.047        |
|1,757,012,158,637|1,757,012,524,329|2025-09-04 21:55:58.637 +0300|2025-09-04 22:02:04.329 +0300|365.692        |
|1,756,748,551,422|1,756,748,890,203|2025-09-01 20:42:31.422 +0300|2025-09-01 20:48:10.203 +0300|338.781        |
|1,756,553,676,947|1,756,554,003,636|2025-08-30 14:34:36.947 +0300|2025-08-30 14:40:03.636 +0300|326.689        |
|1,757,161,128,209|1,757,161,444,847|2025-09-06 15:18:48.209 +0300|2025-09-06 15:24:04.847 +0300|316.638        |
|1,757,129,639,459|1,757,129,904,392|2025-09-06 06:33:59.459 +0300|2025-09-06 06:38:24.392 +0300|264.933        |
|1,756,997,622,795|1,756,997,873,213|2025-09-04 17:53:42.795 +0300|2025-09-04 17:57:53.213 +0300|250.418        |
|1,756,747,751,964|1,756,747,998,512|2025-09-01 20:29:11.964 +0300|2025-09-01 20:33:18.512 +0300|246.548        |
|1,757,161,856,830|1,757,162,096,922|2025-09-06 15:30:56.830 +0300|2025-09-06 15:34:56.922 +0300|240.092        |
|1,757,148,985,792|1,757,149,223,821|2025-09-06 11:56:25.792 +0300|2025-09-06 12:00:23.821 +0300|238.029        |
|1,757,040,335,431|1,757,040,565,969|2025-09-05 05:45:35.431 +0300|2025-09-05 05:49:25.969 +0300|230.538        |
|1,757,013,263,495|1,757,013,481,886|2025-09-04 22:14:23.495 +0300|2025-09-04 22:18:01.886 +0300|218.391        |
|1,757,040,595,200|1,757,040,808,848|2025-09-05 05:49:55.200 +0300|2025-09-05 05:53:28.848 +0300|213.648        |
|1,756,746,594,603|1,756,746,805,152|2025-09-01 20:09:54.603 +0300|2025-09-01 20:13:25.152 +0300|210.549        |
|1,757,095,586,624|1,757,095,792,267|2025-09-05 21:06:26.624 +0300|2025-09-05 21:09:52.267 +0300|205.643        |
|1,757,095,257,921|1,757,095,453,430|2025-09-05 21:00:57.921 +0300|2025-09-05 21:04:13.430 +0300|195.509        |
|1,756,554,726,211|1,756,554,917,019|2025-08-30 14:52:06.211 +0300|2025-08-30 14:55:17.019 +0300|190.808        |
|1,757,148,676,624|1,757,148,855,205|2025-09-06 11:51:16.624 +0300|2025-09-06 11:54:15.205 +0300|178.581        |
|1,757,164,436,097|1,757,164,604,706|2025-09-06 16:13:56.097 +0300|2025-09-06 16:16:44.706 +0300|168.609        |
|1,757,162,451,683|1,757,162,613,947|2025-09-06 15:40:51.683 +0300|2025-09-06 15:43:33.947 +0300|162.264        |
|1,756,741,960,732|1,756,742,102,335|2025-09-01 18:52:40.732 +0300|2025-09-01 18:55:02.335 +0300|141.603        |
|1,756,516,805,240|1,756,516,945,673|2025-08-30 04:20:05.240 +0300|2025-08-30 04:22:25.673 +0300|140.433        |
|1,757,010,303,096|1,757,010,429,142|2025-09-04 21:25:03.096 +0300|2025-09-04 21:27:09.142 +0300|126.046        |
|1,757,148,862,272|1,757,148,985,792|2025-09-06 11:54:22.272 +0300|2025-09-06 11:56:25.792 +0300|123.52         |
|1,756,493,742,576|1,756,493,865,308|2025-08-29 21:55:42.576 +0300|2025-08-29 21:57:45.308 +0300|122.732        |
|1,757,165,699,178|1,757,165,819,031|2025-09-06 16:34:59.178 +0300|2025-09-06 16:36:59.031 +0300|119.853        |
|1,756,564,169,108|1,756,564,280,821|2025-08-30 17:29:29.108 +0300|2025-08-30 17:31:20.821 +0300|111.713        |
|1,757,039,851,311|1,757,039,953,617|2025-09-05 05:37:31.311 +0300|2025-09-05 05:39:13.617 +0300|102.306        |
|1,756,995,864,915|1,756,995,963,082|2025-09-04 17:24:24.915 +0300|2025-09-04 17:26:03.082 +0300|98.167         |
|1,756,716,091,211|1,756,716,189,273|2025-09-01 11:41:31.211 +0300|2025-09-01 11:43:09.273 +0300|98.062         |
|1,756,734,455,158|1,756,734,552,817|2025-09-01 16:47:35.158 +0300|2025-09-01 16:49:12.817 +0300|97.659         |
|1,756,713,628,585|1,756,713,721,804|2025-09-01 11:00:28.585 +0300|2025-09-01 11:02:01.804 +0300|93.219         |
|1,756,731,686,279|1,756,731,775,267|2025-09-01 16:01:26.279 +0300|2025-09-01 16:02:55.267 +0300|88.988         |
|1,757,041,015,084|1,757,041,101,934|2025-09-05 05:56:55.084 +0300|2025-09-05 05:58:21.934 +0300|86.85          |
|1,756,999,521,900|1,756,999,606,319|2025-09-04 18:25:21.900 +0300|2025-09-04 18:26:46.319 +0300|84.419         |
|1,756,184,804,179|1,756,184,887,786|2025-08-26 08:06:44.179 +0300|2025-08-26 08:08:07.786 +0300|83.607         |
|1,756,999,242,172|1,756,999,319,770|2025-09-04 18:20:42.172 +0300|2025-09-04 18:21:59.770 +0300|77.598         |
|1,756,294,539,524|1,756,294,616,687|2025-08-27 14:35:39.524 +0300|2025-08-27 14:36:56.687 +0300|77.163         |
|1,757,128,068,510|1,757,128,143,433|2025-09-06 06:07:48.510 +0300|2025-09-06 06:09:03.433 +0300|74.923         |
|1,757,040,252,869|1,757,040,323,670|2025-09-05 05:44:12.869 +0300|2025-09-05 05:45:23.670 +0300|70.801         |
|1,756,712,766,858|1,756,712,834,103|2025-09-01 10:46:06.858 +0300|2025-09-01 10:47:14.103 +0300|67.245         |
|1,756,702,360,151|1,756,702,425,955|2025-09-01 07:52:40.151 +0300|2025-09-01 07:53:45.955 +0300|65.804         |
|1,756,998,077,946|1,756,998,142,491|2025-09-04 18:01:17.946 +0300|2025-09-04 18:02:22.491 +0300|64.545         |
|1,757,131,122,999|1,757,131,185,543|2025-09-06 06:58:42.999 +0300|2025-09-06 06:59:45.543 +0300|62.544         |
|1,756,751,146,170|1,756,751,206,788|2025-09-01 21:25:46.170 +0300|2025-09-01 21:26:46.788 +0300|60.618         |
|1,757,010,683,095|1,757,010,740,572|2025-09-04 21:31:23.095 +0300|2025-09-04 21:32:20.572 +0300|57.477         |
|1,756,702,847,794|1,756,702,905,103|2025-09-01 08:00:47.794 +0300|2025-09-01 08:01:45.103 +0300|57.309         |
|1,757,009,794,049|1,757,009,851,309|2025-09-04 21:16:34.049 +0300|2025-09-04 21:17:31.309 +0300|57.26          |
|1,756,703,326,787|1,756,703,383,691|2025-09-01 08:08:46.787 +0300|2025-09-01 08:09:43.691 +0300|56.904         |
|1,757,009,956,168|1,757,010,013,056|2025-09-04 21:19:16.168 +0300|2025-09-04 21:20:13.056 +0300|56.888         |
|1,756,998,144,454|1,756,998,200,569|2025-09-04 18:02:24.454 +0300|2025-09-04 18:03:20.569 +0300|56.115         |
|1,756,759,563,250|1,756,759,615,244|2025-09-01 23:46:03.250 +0300|2025-09-01 23:46:55.244 +0300|51.994         |
|1,756,999,136,748|1,756,999,187,131|2025-09-04 18:18:56.748 +0300|2025-09-04 18:19:47.131 +0300|50.383         |
|1,757,010,146,832|1,757,010,196,941|2025-09-04 21:22:26.832 +0300|2025-09-04 21:23:16.941 +0300|50.109         |
|1,757,013,205,721|1,757,013,255,310|2025-09-04 22:13:25.721 +0300|2025-09-04 22:14:15.310 +0300|49.589         |
|1,757,013,780,047|1,757,013,829,041|2025-09-04 22:23:00.047 +0300|2025-09-04 22:23:49.041 +0300|48.994         |
|1,757,164,997,207|1,757,165,045,920|2025-09-06 16:23:17.207 +0300|2025-09-06 16:24:05.920 +0300|48.713         |
|1,757,094,409,350|1,757,094,457,466|2025-09-05 20:46:49.350 +0300|2025-09-05 20:47:37.466 +0300|48.116         |
|1,757,165,195,218|1,757,165,242,556|2025-09-06 16:26:35.218 +0300|2025-09-06 16:27:22.556 +0300|47.338         |
|1,756,996,130,043|1,756,996,176,311|2025-09-04 17:28:50.043 +0300|2025-09-04 17:29:36.311 +0300|46.268         |
|1,757,094,340,323|1,757,094,386,438|2025-09-05 20:45:40.323 +0300|2025-09-05 20:46:26.438 +0300|46.115         |
|1,756,997,493,141|1,756,997,539,014|2025-09-04 17:51:33.141 +0300|2025-09-04 17:52:19.014 +0300|45.873         |
|1,756,784,233,482|1,756,784,279,066|2025-09-02 06:37:13.482 +0300|2025-09-02 06:37:59.066 +0300|45.584         |
|1,757,094,261,916|1,757,094,306,345|2025-09-05 20:44:21.916 +0300|2025-09-05 20:45:06.345 +0300|44.429         |
|1,757,013,959,309|1,757,014,003,296|2025-09-04 22:25:59.309 +0300|2025-09-04 22:26:43.296 +0300|43.987         |
|1,756,924,513,907|1,756,924,556,384|2025-09-03 21:35:13.907 +0300|2025-09-03 21:35:56.384 +0300|42.477         |
|1,757,007,159,188|1,757,007,198,064|2025-09-04 20:32:39.188 +0300|2025-09-04 20:33:18.064 +0300|38.876         |
|1,756,631,908,565|1,756,631,947,423|2025-08-31 12:18:28.565 +0300|2025-08-31 12:19:07.423 +0300|38.858         |
|1,757,014,453,938|1,757,014,492,595|2025-09-04 22:34:13.938 +0300|2025-09-04 22:34:52.595 +0300|38.657         |
|1,756,747,380,724|1,756,747,417,544|2025-09-01 20:23:00.724 +0300|2025-09-01 20:23:37.544 +0300|36.82          |
|1,757,159,368,415|1,757,159,403,754|2025-09-06 14:49:28.415 +0300|2025-09-06 14:50:03.754 +0300|35.339         |
|1,756,778,378,199|1,756,778,411,239|2025-09-02 04:59:38.199 +0300|2025-09-02 05:00:11.239 +0300|33.04          |
|1,756,702,554,614|1,756,702,586,759|2025-09-01 07:55:54.614 +0300|2025-09-01 07:56:26.759 +0300|32.145         |
|1,756,999,038,768|1,756,999,070,033|2025-09-04 18:17:18.768 +0300|2025-09-04 18:17:50.033 +0300|31.265         |
|1,757,014,495,644|1,757,014,526,574|2025-09-04 22:34:55.644 +0300|2025-09-04 22:35:26.574 +0300|30.93          |
|1,756,702,282,165|1,756,702,312,847|2025-09-01 07:51:22.165 +0300|2025-09-01 07:51:52.847 +0300|30.682         |
